0.01	0.0001	0.0001
0.02	0.0004	0.0004
0.03	0.0009	0.0009
0.04	0.0016	0.0016
0.05	0.0025	0.0025
0.06	0.0036	0.0036
0.07	0.0049	0.0049
0.08	0.0064	0.0064
0.09	0.0081	0.0081
0.1	0.01	0.01
0.11	0.0121	0.0121
0.12	0.0144	0.0144
0.13	0.0169	0.0169
0.14	0.0196	0.0196
0.15	0.0225	0.0225
0.16	0.0256	0.0256
0.17	0.0289	0.0289
0.18	0.0324	0.0324
0.19	0.0361	0.0361
0.2	0.04	0.04
0.21	0.0441	0.0441
0.22	0.0484	0.0484
0.23	0.0529	0.0529
0.24	0.0576	0.0576
0.25	0.0625	0.0625
0.26	0.0676	0.0676
0.27	0.0729	0.0729
0.28	0.0784	0.0784
0.29	0.0841	0.0841
0.3	0.09	0.09
0.31	0.0961	0.0961
0.32	0.1024	0.1024
0.33	0.1089	0.1089
0.34	0.1156	0.1156
0.35	0.1225	0.1225
0.36	0.1296	0.1296
0.37	0.1369	0.1369
0.38	0.1444	0.1444
0.39	0.1521	0.1521
0.4	0.16	0.16
0.41	0.1681	0.1681
0.42	0.1764	0.1764
0.43	0.1849	0.1849
0.44	0.1936	0.1936
0.45	0.2025	0.2025
0.46	0.2116	0.2116
0.47	0.2209	0.2209
0.48	0.2304	0.2304
0.49	0.2401	0.2401
0.5	0.25	0.25
0.51	0.2601	0.2601
0.52	0.2704	0.2704
0.53	0.2809	0.2809
0.54	0.2916	0.2916
0.55	0.3025	0.3025
0.56	0.3136	0.3136
0.57	0.3249	0.3249
0.58	0.3364	0.3364
0.59	0.3481	0.3481
0.6	0.36	0.36
0.61	0.3721	0.3721
0.62	0.3844	0.3844
0.63	0.3969	0.3969
0.64	0.4096	0.4096
0.65	0.4225	0.4225
0.66	0.4356	0.4356
0.67	0.4489	0.4489
0.68	0.4624	0.4624
0.69	0.4761	0.4761
0.7	0.49	0.49
0.71	0.5041	0.5041
0.72	0.5184	0.5184
0.73	0.5329	0.5329
0.74	0.5476	0.5476
0.75	0.5625	0.5625
0.76	0.5776	0.5776
0.77	0.5929	0.5929
0.78	0.6084	0.6084
0.79	0.6241	0.6241
0.8	0.64	0.64
0.81	0.6561	0.6561
0.82	0.6724	0.6724
0.83	0.6889	0.6889
0.84	0.7056	0.7056
0.85	0.7225	0.7225
0.86	0.7396	0.7396
0.87	0.7569	0.7569
0.88	0.7744	0.7744
0.89	0.7921	0.7921
0.9	0.81	0.81
0.91	0.8281	0.8281
0.92	0.8464	0.8464
0.93	0.8649	0.8649
0.94	0.8836	0.8836
0.95	0.9025	0.9025
0.96	0.9216	0.9216
0.97	0.9409	0.9409
0.98	0.9604	0.9604
0.99	0.9801	0.9801
1	1	1
1.01	1.0201	1.0201
1.02	1.0404	1.0404
1.03	1.0609	1.0609
1.04	1.0816	1.0816
1.05	1.1025	1.1025
1.06	1.1236	1.1236
1.07	1.1449	1.1449
1.08	1.1664	1.1664
1.09	1.1881	1.1881
1.1	1.21	1.21
1.11	1.2321	1.2321
1.12	1.2544	1.2544
1.13	1.2769	1.2769
1.14	1.2996	1.2996
1.15	1.3225	1.3225
1.16	1.3456	1.3456
1.17	1.3689	1.3689
1.18	1.3924	1.3924
1.19	1.4161	1.4161
1.2	1.44	1.44
1.21	1.4641	1.4641
1.22	1.4884	1.4884
1.23	1.5129	1.5129
1.24	1.5376	1.5376
1.25	1.5625	1.5625
1.26	1.5876	1.5876
1.27	1.6129	1.6129
1.28	1.6384	1.6384
1.29	1.6641	1.6641
1.3	1.69	1.69
1.31	1.7161	1.7161
1.32	1.7424	1.7424
1.33	1.7689	1.7689
1.34	1.7956	1.7956
1.35	1.8225	1.8225
1.36	1.8496	1.8496
1.37	1.8769	1.8769
1.38	1.9044	1.9044
1.39	1.9321	1.9321
1.4	1.96	1.96
1.41	1.9881	1.9881
1.42	2.0164	2.0164
1.43	2.0449	2.0449
1.44	2.0736	2.0736
1.45	2.1025	2.1025
1.46	2.1316	2.1316
1.47	2.1609	2.1609
1.48	2.1904	2.1904
1.49	2.2201	2.2201
1.5	2.25	2.25
1.51	2.2801	2.2801
1.52	2.3104	2.3104
1.53	2.3409	2.3409
1.54	2.3716	2.3716
1.55	2.4025	2.4025
1.56	2.4336	2.4336
1.57	2.4649	2.4649
1.58	2.4964	2.4964
1.59	2.5281	2.5281
1.6	2.56	2.56
1.61	2.5921	2.5921
1.62	2.6244	2.6244
1.63	2.6569	2.6569
1.64	2.6896	2.6896
1.65	2.7225	2.7225
1.66	2.7556	2.7556
1.67	2.7889	2.7889
1.68	2.8224	2.8224
1.69	2.8561	2.8561
1.7	2.89	2.89
1.71	2.9241	2.9241
1.72	2.9584	2.9584
1.73	2.9929	2.9929
1.74	3.0276	3.0276
1.75	3.0625	3.0625
1.76	3.0976	3.0976
1.77	3.1329	3.1329
1.78	3.1684	3.1684
1.79	3.2041	3.2041
1.8	3.24	3.24
1.81	3.2761	3.2761
1.82	3.3124	3.3124
1.83	3.3489	3.3489
1.84	3.3856	3.3856
1.85	3.4225	3.4225
1.86	3.4596	3.4596
1.87	3.4969	3.4969
1.88	3.5344	3.5344
1.89	3.5721	3.5721
1.9	3.61	3.61
1.91	3.6481	3.6481
1.92	3.6864	3.6864
1.93	3.7249	3.7249
1.94	3.7636	3.7636
1.95	3.8025	3.8025
1.96	3.8416	3.8416
1.97	3.8809	3.8809
1.98	3.9204	3.9204
1.99	3.9601	3.9601
2	4	4
2.01	4.0401	4.0401
2.02	4.0804	4.0804
2.03	4.1209	4.1209
2.04	4.1616	4.1616
2.05	4.2025	4.2025
2.06	4.2436	4.2436
2.07	4.2849	4.2849
2.08	4.3264	4.3264
2.09	4.3681	4.3681
2.1	4.41	4.41
2.11	4.4521	4.4521
2.12	4.4944	4.4944
2.13	4.5369	4.5369
2.14	4.5796	4.5796
2.15	4.6225	4.6225
2.16	4.6656	4.6656
2.17	4.7089	4.7089
2.18	4.7524	4.7524
2.19	4.7961	4.7961
2.2	4.84	4.84
2.21	4.8841	4.8841
2.22	4.9284	4.9284
2.23	4.9729	4.9729
2.24	5.0176	5.0176
2.25	5.0625	5.0625
2.26	5.1076	5.1076
2.27	5.1529	5.1529
2.28	5.1984	5.1984
2.29	5.2441	5.2441
2.3	5.29	5.29
2.31	5.3361	5.3361
2.32	5.3824	5.3824
2.33	5.4289	5.4289
2.34	5.4756	5.4756
2.35	5.5225	5.5225
2.36	5.5696	5.5696
2.37	5.6169	5.6169
2.38	5.6644	5.6644
2.39	5.7121	5.7121
2.4	5.76	5.76
2.41	5.8081	5.8081
2.42	5.8564	5.8564
2.43	5.9049	5.9049
2.44	5.9536	5.9536
2.45	6.0025	6.0025
2.46	6.0516	6.0516
2.47	6.1009	6.1009
2.48	6.1504	6.1504
2.49	6.2001	6.2001
2.5	6.25	6.25
2.51	6.3001	6.3001
2.52	6.3504	6.3504
2.53	6.4009	6.4009
2.54	6.4516	6.4516
2.55	6.5025	6.5025
2.56	6.5536	6.5536
2.57	6.6049	6.6049
2.58	6.6564	6.6564
2.59	6.7081	6.7081
2.6	6.76	6.76
2.61	6.8121	6.8121
2.62	6.8644	6.8644
2.63	6.9169	6.9169
2.64	6.9696	6.9696
2.65	7.0225	7.0225
2.66	7.0756	7.0756
2.67	7.1289	7.1289
2.68	7.1824	7.1824
2.69	7.2361	7.2361
2.7	7.29	7.29
2.71	7.3441	7.3441
2.72	7.3984	7.3984
2.73	7.4529	7.4529
2.74	7.5076	7.5076
2.75	7.5625	7.5625
2.76	7.6176	7.6176
2.77	7.6729	7.6729
2.78	7.7284	7.7284
2.79	7.7841	7.7841
2.8	7.84	7.84
2.81	7.8961	7.8961
2.82	7.9524	7.9524
2.83	8.0089	8.0089
2.84	8.0656	8.0656
2.85	8.1225	8.1225
2.86	8.1796	8.1796
2.87	8.2369	8.2369
2.88	8.2944	8.2944
2.89	8.3521	8.3521
2.9	8.41	8.41
2.91	8.4681	8.4681
2.92	8.5264	8.5264
2.93	8.5849	8.5849
2.94	8.6436	8.6436
2.95	8.7025	8.7025
2.96	8.7616	8.7616
2.97	8.8209	8.8209
2.98	8.8804	8.8804
2.99	8.9401	8.9401
3	9	9
3.01	9.0601	9.0601
3.02	9.1204	9.1204
3.03	9.1809	9.1809
3.04	9.2416	9.2416
3.05	9.3025	9.3025
3.06	9.3636	9.3636
3.07	9.4249	9.4249
3.08	9.4864	9.4864
3.09	9.5481	9.5481
3.1	9.61	9.61
3.11	9.6721	9.6721
3.12	9.7344	9.7344
3.13	9.7969	9.7969
3.14	9.8596	9.8596
3.15	9.9225	9.9225
3.16	9.9856	9.9856
3.17	10.0489	10.0489
3.18	10.1124	10.1124
3.19	10.1761	10.1761
3.2	10.24	10.24
3.21	10.3041	10.3041
3.22	10.3684	10.3684
3.23	10.4329	10.4329
3.24	10.4976	10.4976
3.25	10.5625	10.5625
3.26	10.6276	10.6276
3.27	10.6929	10.6929
3.28	10.7584	10.7584
3.29	10.8241	10.8241
3.3	10.89	10.89
3.31	10.9561	10.9561
3.32	11.0224	11.0224
3.33	11.0889	11.0889
3.34	11.1556	11.1556
3.35	11.2225	11.2225
3.36	11.2896	11.2896
3.37	11.3569	11.3569
3.38	11.4244	11.4244
3.39	11.4921	11.4921
3.4	11.56	11.56
3.41	11.6281	11.6281
3.42	11.6964	11.6964
3.43	11.7649	11.7649
3.44	11.8336	11.8336
3.45	11.9025	11.9025
3.46	11.9716	11.9716
3.47	12.0409	12.0409
3.48	12.1104	12.1104
3.49	12.1801	12.1801
3.5	12.25	12.25
3.51	12.3201	12.3201
3.52	12.3904	12.3904
3.53	12.4609	12.4609
3.54	12.5316	12.5316
3.55	12.6025	12.6025
3.56	12.6736	12.6736
3.57	12.7449	12.7449
3.58	12.8164	12.8164
3.59	12.8881	12.8881
3.6	12.96	12.96
3.61	13.0321	13.0321
3.62	13.1044	13.1044
3.63	13.1769	13.1769
3.64	13.2496	13.2496
3.65	13.3225	13.3225
3.66	13.3956	13.3956
3.67	13.4689	13.4689
3.68	13.5424	13.5424
3.69	13.6161	13.6161
3.7	13.69	13.69
3.71	13.7641	13.7641
3.72	13.8384	13.8384
3.73	13.9129	13.9129
3.74	13.9876	13.9876
3.75	14.0625	14.0625
3.76	14.1376	14.1376
3.77	14.2129	14.2129
3.78	14.2884	14.2884
3.79	14.3641	14.3641
3.8	14.44	14.44
3.81	14.5161	14.5161
3.82	14.5924	14.5924
3.83	14.6689	14.6689
3.84	14.7456	14.7456
3.85	14.8225	14.8225
3.86	14.8996	14.8996
3.87	14.9769	14.9769
3.88	15.0544	15.0544
3.89	15.1321	15.1321
3.9	15.21	15.21
3.91	15.2881	15.2881
3.92	15.3664	15.3664
3.93	15.4449	15.4449
3.94	15.5236	15.5236
3.95	15.6025	15.6025
3.96	15.6816	15.6816
3.97	15.7609	15.7609
3.98	15.8404	15.8404
3.99	15.9201	15.9201
4	16	16
4.01	16.0801	16.0801
4.02	16.1604	16.1604
4.03	16.2409	16.2409
4.04	16.3216	16.3216
4.05	16.4025	16.4025
4.06	16.4836	16.4836
4.07	16.5649	16.5649
4.08	16.6464	16.6464
4.09	16.7281	16.7281
4.1	16.81	16.81
4.11	16.8921	16.8921
4.12	16.9744	16.9744
4.13	17.0569	17.0569
4.14	17.1396	17.1396
4.15	17.2225	17.2225
4.16	17.3056	17.3056
4.17	17.3889	17.3889
4.18	17.4724	17.4724
4.19	17.5561	17.5561
4.2	17.64	17.64
4.21	17.7241	17.7241
4.22	17.8084	17.8084
4.23	17.8929	17.8929
4.24	17.9776	17.9776
4.25	18.0625	18.0625
4.26	18.1476	18.1476
4.27	18.2329	18.2329
4.28	18.3184	18.3184
4.29	18.4041	18.4041
4.3	18.49	18.49
4.31	18.5761	18.5761
4.32	18.6624	18.6624
4.33	18.7489	18.7489
4.34	18.8356	18.8356
4.35	18.9225	18.9225
4.36	19.0096	19.0096
4.37	19.0969	19.0969
4.38	19.1844	19.1844
4.39	19.2721	19.2721
4.4	19.36	19.36
4.41	19.4481	19.4481
4.42	19.5364	19.5364
4.43	19.6249	19.6249
4.44	19.7136	19.7136
4.45	19.8025	19.8025
4.46	19.8916	19.8916
4.47	19.9809	19.9809
4.48	20.0704	20.0704
4.49	20.1601	20.1601
4.5	20.25	20.25
4.51	20.3401	20.3401
4.52	20.4304	20.4304
4.53	20.5209	20.5209
4.54	20.6116	20.6116
4.55	20.7025	20.7025
4.56	20.7936	20.7936
4.57	20.8849	20.8849
4.58	20.9764	20.9764
4.59	21.0681	21.0681
4.6	21.16	21.16
4.61	21.2521	21.2521
4.62	21.3444	21.3444
4.63	21.4369	21.4369
4.64	21.5296	21.5296
4.65	21.6225	21.6225
4.66	21.7156	21.7156
4.67	21.8089	21.8089
4.68	21.9024	21.9024
4.69	21.9961	21.9961
4.7	22.09	22.09
4.71	22.1841	22.1841
4.72	22.2784	22.2784
4.73	22.3729	22.3729
4.74	22.4676	22.4676
4.75	22.5625	22.5625
4.76	22.6576	22.6576
4.77	22.7529	22.7529
4.78	22.8484	22.8484
4.79	22.9441	22.9441
4.8	23.04	23.04
4.81	23.1361	23.1361
4.82	23.2324	23.2324
4.83	23.3289	23.3289
4.84	23.4256	23.4256
4.85	23.5225	23.5225
4.86	23.6196	23.6196
4.87	23.7169	23.7169
4.88	23.8144	23.8144
4.89	23.9121	23.9121
4.9	24.01	24.01
4.91	24.1081	24.1081
4.92	24.2064	24.2064
4.93	24.3049	24.3049
4.94	24.4036	24.4036
4.95	24.5025	24.5025
4.96	24.6016	24.6016
4.97	24.7009	24.7009
4.98	24.8004	24.8004
4.99	24.9001	24.9001
5	25	25
5.01	25.1001	25.1001
5.02	25.2004	25.2004
5.03	25.3009	25.3009
5.04	25.4016	25.4016
5.05	25.5025	25.5025
5.06	25.6036	25.6036
5.07	25.7049	25.7049
5.08	25.8064	25.8064
5.09	25.9081	25.9081
5.1	26.01	26.01
5.11	26.1121	26.1121
5.12	26.2144	26.2144
5.13	26.3169	26.3169
5.14	26.4196	26.4196
5.15	26.5225	26.5225
5.16	26.6256	26.6256
5.17	26.7289	26.7289
5.18	26.8324	26.8324
5.19	26.9361	26.9361
5.2	27.04	27.04
5.21	27.1441	27.1441
5.22	27.2484	27.2484
5.23	27.3529	27.3529
5.24	27.4576	27.4576
5.25	27.5625	27.5625
5.26	27.6676	27.6676
5.27	27.7729	27.7729
5.28	27.8784	27.8784
5.29	27.9841	27.9841
5.3	28.09	28.09
5.31	28.1961	28.1961
5.32	28.3024	28.3024
5.33	28.4089	28.4089
5.34	28.5156	28.5156
5.35	28.6225	28.6225
5.36	28.7296	28.7296
5.37	28.8369	28.8369
5.38	28.9444	28.9444
5.39	29.0521	29.0521
5.4	29.16	29.16
5.41	29.2681	29.2681
5.42	29.3764	29.3764
5.43	29.4849	29.4849
5.44	29.5936	29.5936
5.45	29.7025	29.7025
5.46	29.8116	29.8116
5.47	29.9209	29.9209
5.48	30.0304	30.0304
5.49	30.1401	30.1401
5.5	30.25	30.25
5.51	30.3601	30.3601
5.52	30.4704	30.4704
5.53	30.5809	30.5809
5.54	30.6916	30.6916
5.55	30.8025	30.8025
5.56	30.9136	30.9136
5.57	31.0249	31.0249
5.58	31.1364	31.1364
5.59	31.2481	31.2481
5.6	31.36	31.36
5.61	31.4721	31.4721
5.62	31.5844	31.5844
5.63	31.6969	31.6969
5.64	31.8096	31.8096
5.65	31.9225	31.9225
5.66	32.0356	32.0356
5.67	32.1489	32.1489
5.68	32.2624	32.2624
5.69	32.3761	32.3761
5.7	32.49	32.49
5.71	32.6041	32.6041
5.72	32.7184	32.7184
5.73	32.8329	32.8329
5.74	32.9476	32.9476
5.75	33.0625	33.0625
5.76	33.1776	33.1776
5.77	33.2929	33.2929
5.78	33.4084	33.4084
5.79	33.5241	33.5241
5.8	33.64	33.64
5.81	33.7561	33.7561
5.82	33.8724	33.8724
5.83	33.9889	33.9889
5.84	34.1056	34.1056
5.85	34.2225	34.2225
5.86	34.3396	34.3396
5.87	34.4569	34.4569
5.88	34.5744	34.5744
5.89	34.6921	34.6921
5.9	34.81	34.81
5.91	34.9281	34.9281
5.92	35.0464	35.0464
5.93	35.1649	35.1649
5.94	35.2836	35.2836
5.95	35.4025	35.4025
5.96	35.5216	35.5216
5.97	35.6409	35.6409
5.98	35.7604	35.7604
5.99	35.8801	35.8801
6	36	36
6.01	36.1201	36.1201
6.02	36.2404	36.2404
6.03	36.3609	36.3609
6.04	36.4816	36.4816
6.05	36.6025	36.6025
6.06	36.7236	36.7236
6.07	36.8449	36.8449
6.08	36.9664	36.9664
6.09	37.0881	37.0881
6.1	37.21	37.21
6.11	37.3321	37.3321
6.12	37.4544	37.4544
6.13	37.5769	37.5769
6.14	37.6996	37.6996
6.15	37.8225	37.8225
6.16	37.9456	37.9456
6.17	38.0689	38.0689
6.18	38.1924	38.1924
6.19	38.3161	38.3161
6.2	38.44	38.44
6.21	38.5641	38.5641
6.22	38.6884	38.6884
6.23	38.8129	38.8129
6.24	38.9376	38.9376
6.25	39.0625	39.0625
6.26	39.1876	39.1876
6.27	39.3129	39.3129
6.28	39.4384	39.4384
6.29	39.5641	39.5641
6.3	39.69	39.69
6.31	39.8161	39.8161
6.32	39.9424	39.9424
6.33	40.0689	40.0689
6.34	40.1956	40.1956
6.35	40.3225	40.3225
6.36	40.4496	40.4496
6.37	40.5769	40.5769
6.38	40.7044	40.7044
6.39	40.8321	40.8321
6.4	40.96	40.96
6.41	41.0881	41.0881
6.42	41.2164	41.2164
6.43	41.3449	41.3449
6.44	41.4736	41.4736
6.45	41.6025	41.6025
6.46	41.7316	41.7316
6.47	41.8609	41.8609
6.48	41.9904	41.9904
6.49	42.1201	42.1201
6.5	42.25	42.25
6.51	42.3801	42.3801
6.52	42.5104	42.5104
6.53	42.6409	42.6409
6.54	42.7716	42.7716
6.55	42.9025	42.9025
6.56	43.0336	43.0336
6.57	43.1649	43.1649
6.58	43.2964	43.2964
6.59	43.4281	43.4281
6.6	43.56	43.56
6.61	43.6921	43.6921
6.62	43.8244	43.8244
6.63	43.9569	43.9569
6.64	44.0896	44.0896
6.65	44.2225	44.2225
6.66	44.3556	44.3556
6.67	44.4889	44.4889
6.68	44.6224	44.6224
6.69	44.7561	44.7561
6.7	44.89	44.89
6.71	45.0241	45.0241
6.72	45.1584	45.1584
6.73	45.2929	45.2929
6.74	45.4276	45.4276
6.75	45.5625	45.5625
6.76	45.6976	45.6976
6.77	45.8329	45.8329
6.78	45.9684	45.9684
6.79	46.1041	46.1041
6.8	46.24	46.24
6.81	46.3761	46.3761
6.82	46.5124	46.5124
6.83	46.6489	46.6489
6.84	46.7856	46.7856
6.85	46.9225	46.9225
6.86	47.0596	47.0596
6.87	47.1969	47.1969
6.88	47.3344	47.3344
6.89	47.4721	47.4721
6.9	47.61	47.61
6.91	47.7481	47.7481
6.92	47.8864	47.8864
6.93	48.0249	48.0249
6.94	48.1636	48.1636
6.95	48.3025	48.3025
6.96	48.4416	48.4416
6.97	48.5809	48.5809
6.98	48.7204	48.7204
6.99	48.8601	48.8601
7	49	49
7.01	49.1401	49.1401
7.02	49.2804	49.2804
7.03	49.4209	49.4209
7.04	49.5616	49.5616
7.05	49.7025	49.7025
7.06	49.8436	49.8436
7.07	49.9849	49.9849
7.08	50.1264	50.1264
7.09	50.2681	50.2681
7.1	50.41	50.41
7.11	50.5521	50.5521
7.12	50.6944	50.6944
7.13	50.8369	50.8369
7.14	50.9796	50.9796
7.15	51.1225	51.1225
7.16	51.2656	51.2656
7.17	51.4089	51.4089
7.18	51.5524	51.5524
7.19	51.6961	51.6961
7.2	51.84	51.84
7.21	51.9841	51.9841
7.22	52.1284	52.1284
7.23	52.2729	52.2729
7.24	52.4176	52.4176
7.25	52.5625	52.5625
7.26	52.7076	52.7076
7.27	52.8529	52.8529
7.28	52.9984	52.9984
7.29	53.1441	53.1441
7.3	53.29	53.29
7.31	53.4361	53.4361
7.32	53.5824	53.5824
7.33	53.7289	53.7289
7.34	53.8756	53.8756
7.35	54.0225	54.0225
7.36	54.1696	54.1696
7.37	54.3169	54.3169
7.38	54.4644	54.4644
7.39	54.6121	54.6121
7.4	54.76	54.76
7.41	54.9081	54.9081
7.42	55.0564	55.0564
7.43	55.2049	55.2049
7.44	55.3536	55.3536
7.45	55.5025	55.5025
7.46	55.6516	55.6516
7.47	55.8009	55.8009
7.48	55.9504	55.9504
7.49	56.1001	56.1001
7.5	56.25	56.25
7.51	56.4001	56.4001
7.52	56.5504	56.5504
7.53	56.7009	56.7009
7.54	56.8516	56.8516
7.55	57.0025	57.0025
7.56	57.1536	57.1536
7.57	57.3049	57.3049
7.58	57.4564	57.4564
7.59	57.6081	57.6081
7.6	57.76	57.76
7.61	57.9121	57.9121
7.62	58.0644	58.0644
7.63	58.2169	58.2169
7.64	58.3696	58.3696
7.65	58.5225	58.5225
7.66	58.6756	58.6756
7.67	58.8289	58.8289
7.68	58.9824	58.9824
7.69	59.1361	59.1361
7.7	59.29	59.29
7.71	59.4441	59.4441
7.72	59.5984	59.5984
7.73	59.7529	59.7529
7.74	59.9076	59.9076
7.75	60.0625	60.0625
7.76	60.2176	60.2176
7.77	60.3729	60.3729
7.78	60.5284	60.5284
7.79	60.6841	60.6841
7.8	60.84	60.84
7.81	60.9961	60.9961
7.82	61.1524	61.1524
7.83	61.3089	61.3089
7.84	61.4656	61.4656
7.85	61.6225	61.6225
7.86	61.7796	61.7796
7.87	61.9369	61.9369
7.88	62.0944	62.0944
7.89	62.2521	62.2521
7.9	62.41	62.41
7.91	62.5681	62.5681
7.92	62.7264	62.7264
7.93	62.8849	62.8849
7.94	63.0436	63.0436
7.95	63.2025	63.2025
7.96	63.3616	63.3616
7.97	63.5209	63.5209
7.98	63.6804	63.6804
7.99	63.8401	63.8401
8	64	64
8.01	64.1601	64.1601
8.02	64.3204	64.3204
8.03	64.4809	64.4809
8.04	64.6416	64.6416
8.05	64.8025	64.8025
8.06	64.9636	64.9636
8.07	65.1249	65.1249
8.08	65.2864	65.2864
8.09	65.4481	65.4481
8.1	65.61	65.61
8.11	65.7721	65.7721
8.12	65.9344	65.9344
8.13	66.0969	66.0969
8.14	66.2596	66.2596
8.15	66.4225	66.4225
8.16	66.5856	66.5856
8.17	66.7489	66.7489
8.18	66.9124	66.9124
8.19	67.0761	67.0761
8.2	67.24	67.24
8.21	67.4041	67.4041
8.22	67.5684	67.5684
8.23	67.7329	67.7329
8.24	67.8976	67.8976
8.25	68.0625	68.0625
8.26	68.2276	68.2276
8.27	68.3929	68.3929
8.28	68.5584	68.5584
8.29	68.7241	68.7241
8.3	68.89	68.89
8.31	69.0561	69.0561
8.32	69.2224	69.2224
8.33	69.3889	69.3889
8.34	69.5556	69.5556
8.35	69.7225	69.7225
8.36	69.8896	69.8896
8.37	70.0569	70.0569
8.38	70.2244	70.2244
8.39	70.3921	70.3921
8.4	70.56	70.56
8.41	70.7281	70.7281
8.42	70.8964	70.8964
8.43	71.0649	71.0649
8.44	71.2336	71.2336
8.45	71.4025	71.4025
8.46	71.5716	71.5716
8.47	71.7409	71.7409
8.48	71.9104	71.9104
8.49	72.0801	72.0801
8.5	72.25	72.25
8.51	72.4201	72.4201
8.52	72.5904	72.5904
8.53	72.7609	72.7609
8.54	72.9316	72.9316
8.55	73.1025	73.1025
8.56	73.2736	73.2736
8.57	73.4449	73.4449
8.58	73.6164	73.6164
8.59	73.7881	73.7881
8.6	73.96	73.96
8.61	74.1321	74.1321
8.62	74.3044	74.3044
8.63	74.4769	74.4769
8.64	74.6496	74.6496
8.65	74.8225	74.8225
8.66	74.9956	74.9956
8.67	75.1689	75.1689
8.68	75.3424	75.3424
8.69	75.5161	75.5161
8.7	75.69	75.69
8.71	75.8641	75.8641
8.72	76.0384	76.0384
8.73	76.2129	76.2129
8.74	76.3876	76.3876
8.75	76.5625	76.5625
8.76	76.7376	76.7376
8.77	76.9129	76.9129
8.78	77.0884	77.0884
8.79	77.2641	77.2641
8.8	77.44	77.44
8.81	77.6161	77.6161
8.82	77.7924	77.7924
8.83	77.9689	77.9689
8.84	78.1456	78.1456
8.85	78.3225	78.3225
8.86	78.4996	78.4996
8.87	78.6769	78.6769
8.88	78.8544	78.8544
8.89	79.0321	79.0321
8.9	79.21	79.21
8.91	79.3881	79.3881
8.92	79.5664	79.5664
8.93	79.7449	79.7449
8.94	79.9236	79.9236
8.95	80.1025	80.1025
8.96	80.2816	80.2816
8.97	80.4609	80.4609
8.98	80.6404	80.6404
8.99	80.8201	80.8201
9	81	81
9.01	81.1801	81.1801
9.02	81.3604	81.3604
9.03	81.5409	81.5409
9.04	81.7216	81.7216
9.05	81.9025	81.9025
9.06	82.0836	82.0836
9.07	82.2649	82.2649
9.08	82.4464	82.4464
9.09	82.6281	82.6281
9.1	82.81	82.81
9.11	82.9921	82.9921
9.12	83.1744	83.1744
9.13	83.3569	83.3569
9.14	83.5396	83.5396
9.15	83.7225	83.7225
9.16	83.9056	83.9056
9.17	84.0889	84.0889
9.18	84.2724	84.2724
9.19	84.4561	84.4561
9.2	84.64	84.64
9.21	84.8241	84.8241
9.22	85.0084	85.0084
9.23	85.1929	85.1929
9.24	85.3776	85.3776
9.25	85.5625	85.5625
9.26	85.7476	85.7476
9.27	85.9329	85.9329
9.28	86.1184	86.1184
9.29	86.3041	86.3041
9.3	86.49	86.49
9.31	86.6761	86.6761
9.32	86.8624	86.8624
9.33	87.0489	87.0489
9.34	87.2356	87.2356
9.35	87.4225	87.4225
9.36	87.6096	87.6096
9.37	87.7969	87.7969
9.38	87.9844	87.9844
9.39	88.1721	88.1721
9.4	88.36	88.36
9.41	88.5481	88.5481
9.42	88.7364	88.7364
9.43	88.9249	88.9249
9.44	89.1136	89.1136
9.45	89.3025	89.3025
9.46	89.4916	89.4916
9.47	89.6809	89.6809
9.48	89.8704	89.8704
9.49	90.0601	90.0601
9.5	90.25	90.25
9.51	90.4401	90.4401
9.52	90.6304	90.6304
9.53	90.8209	90.8209
9.54	91.0116	91.0116
9.55	91.2025	91.2025
9.56	91.3936	91.3936
9.57	91.5849	91.5849
9.58	91.7764	91.7764
9.59	91.9681	91.9681
9.6	92.16	92.16
9.61	92.3521	92.3521
9.62	92.5444	92.5444
9.63	92.7369	92.7369
9.64	92.9296	92.9296
9.65	93.1225	93.1225
9.66	93.3156	93.3156
9.67	93.5089	93.5089
9.68	93.7024	93.7024
9.69	93.8961	93.8961
9.7	94.09	94.09
9.71	94.2841	94.2841
9.72	94.4784	94.4784
9.73	94.6729	94.6729
9.74	94.8676	94.8676
9.75	95.0625	95.0625
9.76	95.2576	95.2576
9.77	95.4529	95.4529
9.78	95.6484	95.6484
9.79	95.8441	95.8441
9.8	96.04	96.04
9.81	96.2361	96.2361
9.82	96.4324	96.4324
9.83	96.6289	96.6289
9.84	96.8256	96.8256
9.85	97.0225	97.0225
9.86	97.2196	97.2196
9.87	97.4169	97.4169
9.88	97.6144	97.6144
9.89	97.8121	97.8121
9.9	98.01	98.01
9.91	98.2081	98.2081
9.92	98.4064	98.4064
9.93	98.6049	98.6049
9.94	98.8036	98.8036
9.95	99.0025	99.0025
9.96	99.2016	99.2016
9.97	99.4009	99.4009
9.98	99.6004	99.6004
9.99	99.8001	99.8001
10	100	100
